0.000000000000000000e+00 2.970595359802246094e+00 4.974005520343780518e-01
1.000000000000000000e+00 2.271421849727630615e-01 5.931981280446052551e-02
2.000000000000000000e+00 2.439395897090435028e-02 8.108562789857387543e-03
3.000000000000000000e+00 6.932402495294809341e-03 5.147428717464208603e-03
4.000000000000000000e+00 5.352733191102743149e-03 8.203157223761081696e-03
5.000000000000000000e+00 4.930099472403526306e-03 2.831740304827690125e-03
6.000000000000000000e+00 3.550532273948192596e-03 2.455826383084058762e-03
7.000000000000000000e+00 3.175970399752259254e-03 2.059467136859893799e-03
8.000000000000000000e+00 3.011652035638689995e-03 1.891216263175010681e-03
9.000000000000000000e+00 2.428600098937749863e-03 1.722462009638547897e-03
1.000000000000000000e+01 2.248247619718313217e-03 2.347652800381183624e-03
1.100000000000000000e+01 2.039606682956218719e-03 1.484863809309899807e-03
1.200000000000000000e+01 2.020537853240966797e-03 1.407279516570270061e-03
1.300000000000000000e+01 1.816615811549127102e-03 1.371979946270585060e-03
1.400000000000000000e+01 1.833458896726369858e-03 1.239407225511968136e-03
1.500000000000000000e+01 1.694944337941706181e-03 1.227155211381614208e-03
1.600000000000000000e+01 1.514502568170428276e-03 1.218646764755249023e-03
1.700000000000000000e+01 1.470310264267027378e-03 1.099694287404417992e-03
1.800000000000000000e+01 1.416280865669250488e-03 1.115047140046954155e-03
1.900000000000000000e+01 1.359557616524398327e-03 1.032371888868510723e-03
2.000000000000000000e+01 1.367752207443118095e-03 1.082692760974168777e-03
2.100000000000000000e+01 1.186790061183273792e-03 9.880783036351203918e-04
2.200000000000000000e+01 1.163744134828448296e-03 9.838744299486279488e-04
2.300000000000000000e+01 1.191539806313812733e-03 1.293812994845211506e-03
2.400000000000000000e+01 1.150895841419696808e-03 9.085025521926581860e-04
2.500000000000000000e+01 1.147715374827384949e-03 1.658280729316174984e-03
2.600000000000000000e+01 1.139014377258718014e-03 8.894726634025573730e-04
2.700000000000000000e+01 9.766644798219203949e-04 8.575879619456827641e-04
2.800000000000000000e+01 9.747870499268174171e-04 8.491541957482695580e-04
2.900000000000000000e+01 9.076613932847976685e-04 9.811412310227751732e-04
3.000000000000000000e+01 8.790924330241978168e-04 8.494893554598093033e-04
3.100000000000000000e+01 9.377152891829609871e-04 8.458385709673166275e-04
3.200000000000000000e+01 8.551763603463768959e-04 8.574954699724912643e-04
3.300000000000000000e+01 9.231273434124886990e-04 1.024525612592697144e-03
3.400000000000000000e+01 8.148928172886371613e-04 8.292441489174962044e-04
3.500000000000000000e+01 8.083428838290274143e-04 7.688897312618792057e-04
3.600000000000000000e+01 7.863280479796230793e-04 9.244701359421014786e-04
3.700000000000000000e+01 7.949484861455857754e-04 7.904132362455129623e-04
3.800000000000000000e+01 7.533631869591772556e-04 7.377931615337729454e-04
3.900000000000000000e+01 7.591536268591880798e-04 8.311675628647208214e-04
4.000000000000000000e+01 7.231832714751362801e-04 1.043139956891536713e-03
4.100000000000000000e+01 7.810749229975044727e-04 7.081538205966353416e-04
4.200000000000000000e+01 7.048652623780071735e-04 7.601717370562255383e-04
4.300000000000000000e+01 6.789849721826612949e-04 7.173467893153429031e-04
4.400000000000000000e+01 6.762297125533223152e-04 6.906934431754052639e-04
4.500000000000000000e+01 6.671086885035037994e-04 7.096374756656587124e-04
4.600000000000000000e+01 7.156139472499489784e-04 7.342603057622909546e-04
4.700000000000000000e+01 6.860735593363642693e-04 6.790175102651119232e-04
4.800000000000000000e+01 6.531651015393435955e-04 8.880335371941328049e-04
4.900000000000000000e+01 6.393167423084378242e-04 7.480423664674162865e-04
5.000000000000000000e+01 6.732512265443801880e-04 6.862795562483370304e-04
5.100000000000000000e+01 6.846601609140634537e-04 6.561006885021924973e-04
5.200000000000000000e+01 6.063006585463881493e-04 6.620374624617397785e-04
5.300000000000000000e+01 6.121554761193692684e-04 6.558073800988495350e-04
5.400000000000000000e+01 5.930697661824524403e-04 6.454401882365345955e-04
5.500000000000000000e+01 6.331945187412202358e-04 7.373343687504529953e-04
5.600000000000000000e+01 6.060042069293558598e-04 6.888639763928949833e-04
5.700000000000000000e+01 5.938463145866990089e-04 6.273660692386329174e-04
5.800000000000000000e+01 5.968398763798177242e-04 7.787914946675300598e-04
5.900000000000000000e+01 6.261217640712857246e-04 6.217263871803879738e-04
6.000000000000000000e+01 5.669160163961350918e-04 8.295456646010279655e-04
6.100000000000000000e+01 5.791765288449823856e-04 6.419870769605040550e-04
6.200000000000000000e+01 5.595973343588411808e-04 7.206128211691975594e-04
6.300000000000000000e+01 5.432606558315455914e-04 6.917316350154578686e-04
6.400000000000000000e+01 5.355686298571527004e-04 8.497284143231809139e-04
6.500000000000000000e+01 5.566236795857548714e-04 6.227273843251168728e-04
6.600000000000000000e+01 5.679345340467989445e-04 6.056422716937959194e-04
6.700000000000000000e+01 5.108723416924476624e-04 6.542197661474347115e-04
6.800000000000000000e+01 5.136744002811610699e-04 5.974521627649664879e-04
6.900000000000000000e+01 5.841917009092867374e-04 6.924340850673615932e-04
7.000000000000000000e+01 5.265324143692851067e-04 6.434932583943009377e-04
7.100000000000000000e+01 5.179230938665568829e-04 5.868414882570505142e-04
7.200000000000000000e+01 5.157130071893334389e-04 5.917483358643949032e-04
7.300000000000000000e+01 4.916106699965894222e-04 5.659423186443746090e-04
7.400000000000000000e+01 5.304578226059675217e-04 6.988928653299808502e-04
7.500000000000000000e+01 4.962417297065258026e-04 5.881838151253759861e-04
7.600000000000000000e+01 5.444014095701277256e-04 6.488995277322828770e-04
7.700000000000000000e+01 4.843575879931449890e-04 6.669093272648751736e-04
7.800000000000000000e+01 5.124424351379275322e-04 7.860753685235977173e-04
7.900000000000000000e+01 5.287093808874487877e-04 5.659672897309064865e-04
8.000000000000000000e+01 4.667202592827379704e-04 5.528606125153601170e-04
8.100000000000000000e+01 5.138011765666306019e-04 6.072375690564513206e-04
8.200000000000000000e+01 4.998108488507568836e-04 5.577655974775552750e-04
8.300000000000000000e+01 4.781448224093765020e-04 5.576227558776736259e-04
8.400000000000000000e+01 4.655206284951418638e-04 5.727745592594146729e-04
8.500000000000000000e+01 4.726373299490660429e-04 5.508068134076893330e-04
8.600000000000000000e+01 4.435204609762877226e-04 5.709762335754930973e-04
8.700000000000000000e+01 4.697068070527166128e-04 5.695935105904936790e-04
8.800000000000000000e+01 4.342918691691011190e-04 5.343790980987250805e-04
8.900000000000000000e+01 4.422131751198321581e-04 6.801739218644797802e-04
9.000000000000000000e+01 4.383578489068895578e-04 5.254356074146926403e-04
9.100000000000000000e+01 4.383007762953639030e-04 5.783418309874832630e-04
9.200000000000000000e+01 4.422679485287517309e-04 6.962909246794879436e-04
9.300000000000000000e+01 4.823631606996059418e-04 5.519940168596804142e-04
9.400000000000000000e+01 4.540460358839482069e-04 5.232104449532926083e-04
9.500000000000000000e+01 4.277533735148608685e-04 5.376296467147767544e-04
9.600000000000000000e+01 4.324610927142202854e-04 5.142442532815039158e-04
9.700000000000000000e+01 4.342694592196494341e-04 5.193967372179031372e-04
9.800000000000000000e+01 4.198571550659835339e-04 5.263671628199517727e-04
9.900000000000000000e+01 4.196579684503376484e-04 5.434532067738473415e-04
1.000000000000000000e+02 4.321432206779718399e-04 5.111429491080343723e-04
1.010000000000000000e+02 4.139181401114910841e-04 5.180728039704263210e-04
1.020000000000000000e+02 4.172043409198522568e-04 5.187647766433656216e-04
1.030000000000000000e+02 4.093971219845116138e-04 5.153788952156901360e-04
1.040000000000000000e+02 4.138705262448638678e-04 5.491395131684839725e-04
1.050000000000000000e+02 4.110906447749584913e-04 5.079278489574790001e-04
1.060000000000000000e+02 4.117811331525444984e-04 5.307104438543319702e-04
1.070000000000000000e+02 4.038320330437272787e-04 5.121291615068912506e-04
1.080000000000000000e+02 4.076039767824113369e-04 5.794104654341936111e-04
1.090000000000000000e+02 4.222960269544273615e-04 5.133872618898749352e-04
1.100000000000000000e+02 4.105752450414001942e-04 4.962481907568871975e-04
1.110000000000000000e+02 3.906727943103760481e-04 5.372837767936289310e-04
1.120000000000000000e+02 4.715720715466886759e-04 5.101379356347024441e-04
1.130000000000000000e+02 4.288141790311783552e-04 6.973754498176276684e-04
1.140000000000000000e+02 4.461886419449001551e-04 5.014602211304008961e-04
1.150000000000000000e+02 3.789137117564678192e-04 4.937823396176099777e-04
1.160000000000000000e+02 3.939528542105108500e-04 4.951068549416959286e-04
1.170000000000000000e+02 3.785261651501059532e-04 4.832535050809383392e-04
1.180000000000000000e+02 3.858280251733958721e-04 5.736149614676833153e-04
1.190000000000000000e+02 3.844972816295921803e-04 5.026272847317159176e-04
1.200000000000000000e+02 3.682754468172788620e-04 5.147404735907912254e-04
1.210000000000000000e+02 3.719018131960183382e-04 4.811931576114147902e-04
1.220000000000000000e+02 3.711576282512396574e-04 4.874294390901923180e-04
1.230000000000000000e+02 3.888361388817429543e-04 6.021803128533065319e-04
1.240000000000000000e+02 3.802903811447322369e-04 4.727322375401854515e-04
1.250000000000000000e+02 3.785094013437628746e-04 4.777528229169547558e-04
1.260000000000000000e+02 3.769193135667592287e-04 5.166286719031631947e-04
1.270000000000000000e+02 3.809867484960705042e-04 4.804420459549874067e-04
1.280000000000000000e+02 4.083006351720541716e-04 4.956639022566378117e-04
1.290000000000000000e+02 3.582243516575545073e-04 4.686802567448467016e-04
1.300000000000000000e+02 3.526623186189681292e-04 4.737794515676796436e-04
1.310000000000000000e+02 3.854737151414155960e-04 4.748190985992550850e-04
1.320000000000000000e+02 3.741417604032903910e-04 4.663485742639750242e-04
1.330000000000000000e+02 3.431540972087532282e-04 4.612038610503077507e-04
1.340000000000000000e+02 3.555078874342143536e-04 4.657636454794555902e-04
1.350000000000000000e+02 3.549746470525860786e-04 4.669459303840994835e-04
1.360000000000000000e+02 4.118183860555291176e-04 4.624062858056277037e-04
1.370000000000000000e+02 3.513887349981814623e-04 5.006473511457443237e-04
1.380000000000000000e+02 3.435234830249100924e-04 4.736600676551461220e-04
1.390000000000000000e+02 3.426396287977695465e-04 4.737255512736737728e-04
1.400000000000000000e+02 3.396729298401623964e-04 4.751909873448312283e-04
1.410000000000000000e+02 3.553186252247542143e-04 5.053250351920723915e-04
1.420000000000000000e+02 4.035767342429608107e-04 5.037010414525866508e-04
1.430000000000000000e+02 3.468928043730556965e-04 4.559647932182997465e-04
1.440000000000000000e+02 3.308077284600585699e-04 5.756593309342861176e-04
1.450000000000000000e+02 3.561646153684705496e-04 4.662960709538310766e-04
1.460000000000000000e+02 3.266701241955161095e-04 4.685925377998501062e-04
1.470000000000000000e+02 3.299545787740498781e-04 5.678576417267322540e-04
1.480000000000000000e+02 3.463463217485696077e-04 4.569397424347698689e-04
1.490000000000000000e+02 3.286695282440632582e-04 4.621186817530542612e-04
1.500000000000000000e+02 3.294922644272446632e-04 4.501487419474869967e-04
1.510000000000000000e+02 3.550967376213520765e-04 5.546931643038988113e-04
1.520000000000000000e+02 3.624324162956327200e-04 4.402117920108139515e-04
1.530000000000000000e+02 3.328431921545416117e-04 4.622000560630112886e-04
1.540000000000000000e+02 3.265794657636433840e-04 4.489272832870483398e-04
1.550000000000000000e+02 3.173515142407268286e-04 4.424886428751051426e-04
1.560000000000000000e+02 3.228113346267491579e-04 4.375837161205708981e-04
1.570000000000000000e+02 3.330968902446329594e-04 4.369815287645906210e-04
1.580000000000000000e+02 3.220340877305716276e-04 4.409937537275254726e-04
1.590000000000000000e+02 3.426765906624495983e-04 5.161741864867508411e-04
1.600000000000000000e+02 3.296072245575487614e-04 5.566852050833404064e-04
1.610000000000000000e+02 3.560186305548995733e-04 4.380379687063395977e-04
1.620000000000000000e+02 3.335459041409194469e-04 4.480714560486376286e-04
1.630000000000000000e+02 3.069034137297421694e-04 4.350542149040848017e-04
1.640000000000000000e+02 3.105801879428327084e-04 4.336261190474033356e-04
1.650000000000000000e+02 3.072875260841101408e-04 4.793872358277440071e-04
1.660000000000000000e+02 3.154008591081947088e-04 4.385173961054533720e-04
1.670000000000000000e+02 3.217391786165535450e-04 5.047136801294982433e-04
1.680000000000000000e+02 3.375718079041689634e-04 4.456994356587529182e-04
1.690000000000000000e+02 3.125004877801984549e-04 4.253282677382230759e-04
1.700000000000000000e+02 3.136923769488930702e-04 4.832897975575178862e-04
1.710000000000000000e+02 3.173733712173998356e-04 4.286970652174204588e-04
1.720000000000000000e+02 3.049693477805703878e-04 4.840103792957961559e-04
1.730000000000000000e+02 3.090359095949679613e-04 4.347401845734566450e-04
1.740000000000000000e+02 2.970562491100281477e-04 5.551035283133387566e-04
1.750000000000000000e+02 3.123606147710233927e-04 4.324675246607512236e-04
1.760000000000000000e+02 2.972358197439461946e-04 4.203384160064160824e-04
1.770000000000000000e+02 2.931875642389059067e-04 4.366008506622165442e-04
1.780000000000000000e+02 3.073582192882895470e-04 4.276261606719344854e-04
1.790000000000000000e+02 2.892360498663038015e-04 4.666846944019198418e-04
1.800000000000000000e+02 3.009028441738337278e-04 4.178202070761471987e-04
1.810000000000000000e+02 3.309811290819197893e-04 4.421218181960284710e-04
1.820000000000000000e+02 3.110961988568305969e-04 4.214727960061281919e-04
1.830000000000000000e+02 2.906553272623568773e-04 4.989966982975602150e-04
1.840000000000000000e+02 2.894576173275709152e-04 4.280598077457398176e-04
1.850000000000000000e+02 2.874952624551951885e-04 4.254330706316977739e-04
1.860000000000000000e+02 2.884315908886492252e-04 4.425596271175891161e-04
1.870000000000000000e+02 3.002747835125774145e-04 4.587583825923502445e-04
1.880000000000000000e+02 2.976826217491179705e-04 4.240248526912182570e-04
1.890000000000000000e+02 2.930891059804707766e-04 4.206928133498877287e-04
1.900000000000000000e+02 2.904570137616246939e-04 4.754331312142312527e-04
